15606 91756
0 1 808
0 2 659
0 5 250
0 6 74
1 0 808
1 3 931
1 5 545
1 8 273
2 0 659
2 4 710
2 6 879
2 10 924
3 1 931
3 8 493
3 11 441
3 13 166
4 2 710
4 7 504
4 10 43
4 14 988
5 0 250
5 1 545
5 6 841
5 8 328
5 12 730
6 0 74
6 2 879
6 5 841
6 10 170
6 12 613
6 16 304
7 4 504
7 9 561
7 14 710
7 17 158
8 1 273
8 3 493
8 5 328
8 12 279
8 13 934
8 18 100
9 7 561
9 15 98
9 17 817
9 20 336
10 2 924
10 4 43
10 6 170
10 14 811
10 16 827
10 22 513
10 23 268
11 3 441
11 13 580
11 19 634
11 25 150
11 32 980
12 5 730
12 6 613
12 8 279
12 16 673
12 18 822
12 21 968
13 3 166
13 8 934
13 11 580
13 18 486
13 25 394
13 26 337
14 4 988
14 7 710
14 10 811
14 17 92
14 23 746
14 27 229
15 9 98
15 20 195
15 24 2
15 31 358
16 6 304
16 10 827
16 12 673
16 21 154
16 22 945
16 30 709
17 7 158
17 9 817
17 14 92
17 20 125
17 27 669
17 29 491
18 8 100
18 12 822
18 13 486
18 21 904
18 26 197
18 28 531
19 11 634
19 32 667
19 44 723
20 9 336
20 15 195
20 17 125
20 29 550
20 31 802
20 39 25
21 12 968
21 16 154
21 18 904
21 28 854
21 30 409
21 33 978
22 10 513
22 16 945
22 23 982
22 30 229
22 34 299
22 35 934
23 10 268
23 14 746
23 22 982
23 27 866
23 34 636
23 37 14
24 15 2
24 31 815
24 60 537
24 61 64
25 11 150
25 13 394
25 26 95
25 32 426
25 38 116
25 46 670
26 13 337
26 18 197
26 25 95
26 28 518
26 36 502
26 38 630
27 14 229
27 17 669
27 23 866
27 29 405
27 37 196
27 41 106
28 18 531
28 21 854
28 26 518
28 33 189
28 36 452
28 40 299
29 17 491
29 20 550
29 27 405
29 39 883
29 41 124
29 50 506
30 16 709
30 21 409
30 22 229
30 33 753
30 35 338
30 42 717
30 43 567
31 15 358
31 20 802
31 24 815
31 39 439
31 61 502
31 69 145
32 11 980
32 19 667
32 25 426
32 44 898
32 46 829
32 68 872
33 21 978
33 28 189
33 30 753
33 40 138
33 43 178
33 45 359
34 22 299
34 23 636
34 35 398
34 37 610
34 47 295
34 49 905
35 22 934
35 30 338
35 34 398
35 42 232
35 47 176
35 53 746
36 26 502
36 28 452
36 38 636
36 40 400
36 51 143
36 52 299
37 23 14
37 27 196
37 34 610
37 41 261
37 49 969
37 55 413
38 25 116
38 26 630
38 36 636
38 46 558
38 52 9
38 65 595
39 20 25
39 29 883
39 31 439
39 50 396
39 69 114
39 75 969
40 28 299
40 33 138
40 36 400
40 45 963
40 48 7
40 51 531
41 27 106
41 29 124
41 37 261
41 50 83
41 55 943
41 59 366
42 30 717
42 35 232
42 43 853
42 53 696
42 54 768
42 62 822
43 30 567
43 33 178
43 42 853
43 45 713
43 54 902
43 56 672
44 19 723
44 32 898
44 68 832
44 119 591
45 33 359
45 40 963
45 43 713
45 48 739
45 56 617
45 57 58
46 25 670
46 32 829
46 38 558
46 65 680
46 68 791
46 90 641
47 34 295
47 35 176
47 49 99
47 53 336
47 63 7
47 64 973
48 40 7
48 45 739
48 51 96
48 57 455
48 58 320
49 34 905
49 37 969
49 47 99
49 55 761
49 64 224
49 74 290
50 29 506
50 39 396
50 41 83
50 59 906
50 75 124
50 84 127
51 36 143
51 40 531
51 48 96
51 52 507
51 58 771
51 66 814
52 36 299
52 38 9
52 51 507
52 65 239
52 66 221
52 86 95
53 35 746
53 42 696
53 47 336
53 62 845
53 63 535
53 71 367
54 42 768
54 43 902
54 56 227
54 62 739
54 67 395
54 72 364
55 37 413
55 41 943
55 49 761
55 59 551
55 74 845
55 82 591
56 43 672
56 45 617
56 54 227
56 57 160
56 67 948
56 70 624
57 45 58
57 48 455
57 56 160
57 58 386
57 70 273
57 73 218
58 48 320
58 51 771
58 57 386
58 66 540
58 73 386
58 79 248
59 41 366
59 50 906
59 55 551
59 82 497
59 84 624
59 104 886
60 24 537
60 61 421
60 149 145
60 175 969
61 24 64
61 31 502
61 60 421
61 69 736
61 132 916
61 149 626
62 42 822
62 53 845
62 54 739
62 71 680
62 72 535
62 78 12
62 83 43
63 47 7
63 53 535
63 64 819
63 71 153
63 80 296
63 81 245
64 47 973
64 49 224
64 63 819
64 74 816
64 80 397
64 98 693
65 38 595
65 46 680
65 52 239
65 86 670
65 90 992
65 112 34
66 51 814
66 52 221
66 58 540
66 79 548
66 86 398
66 103 554
67 54 395
67 56 948
67 70 826
67 72 212
67 76 211
67 77 663
68 32 872
68 44 832
68 46 791
68 90 762
68 119 809
68 167 378
69 31 145
69 39 114
69 61 736
69 75 626
69 122 336
69 132 869
70 56 624
70 57 273
70 67 826
70 73 996
70 76 768
70 85 777
71 53 367
71 62 680
71 63 153
71 78 440
71 81 332
71 87 875
72 54 364
72 62 535
72 67 212
72 77 557
72 83 873
72 88 302
73 57 218
73 58 386
73 70 996
73 79 561
73 85 985
73 92 95
74 49 290
74 55 845
74 64 816
74 82 408
74 98 756
74 107 790
75 39 969
75 50 124
75 69 626
75 84 16
75 115 194
75 122 770
76 67 211
76 70 768
76 77 856
76 85 681
76 89 456
77 67 663
77 72 557
77 76 856
77 88 503
77 89 507
77 91 964
78 62 12
78 71 440
78 83 677
78 87 332
78 93 109
78 95 250
79 58 248
79 66 548
79 73 561
79 92 809
79 103 845
79 124 639
80 63 296
80 64 397
80 81 998
80 98 204
80 100 652
80 109 850
81 63 245
81 71 332
81 80 998
81 87 732
81 96 532
81 100 15
82 55 591
82 59 497
82 74 408
82 104 10
82 107 420
82 131 776
83 62 43
83 72 873
83 78 677
83 88 181
83 93 224
83 97 930
84 50 127
84 59 624
84 75 16
84 104 55
84 115 738
84 147 261
85 70 777
85 73 985
85 76 681
85 89 526
85 92 546
85 99 318
86 52 95
86 65 670
86 66 398
86 103 565
86 112 201
86 134 257
87 71 875
87 78 332
87 81 732
87 95 598
87 96 705
87 101 649
88 72 302
88 77 503
88 83 181
88 91 551
88 94 151
88 97 977
89 76 456
89 77 507
89 85 526
89 91 798
89 99 413
89 106 555
90 46 641
90 65 992
90 68 762
90 112 749
90 167 505
90 210 382
91 77 964
91 88 551
91 89 798
91 94 700
91 102 379
91 106 66
92 73 95
92 79 809
92 85 546
92 99 554
92 123 130
92 124 210
93 78 109
93 83 224
93 95 774
93 97 484
93 108 448
93 110 608
94 88 151
94 91 700
94 97 177
94 102 323
94 105 306
95 78 250
95 87 598
95 93 774
95 101 631
95 110 54
95 111 225
96 81 532
96 87 705
96 100 445
96 101 367
96 113 401
97 83 930
97 88 977
97 93 484
97 94 177
97 105 371
97 108 286
98 64 693
98 74 756
98 80 204
98 107 134
98 109 17
98 130 899
98 140 156
99 85 318
99 89 413
99 92 554
99 106 179
99 123 558
99 126 577
100 80 652
100 81 15
100 96 445
100 109 712
100 113 267
100 121 358
101 87 649
101 95 631
101 96 367
101 111 879
101 113 820
101 117 615
102 91 379
102 94 323
102 105 721
102 106 738
102 114 592
102 120 134
103 66 554
103 79 845
103 86 565
103 124 198
103 134 763
103 172 634
104 59 886
104 82 10
104 84 55
104 131 32
104 147 590
104 199 589
105 94 306
105 97 371
105 102 721
105 108 305
105 114 874
105 116 878
106 89 555
106 91 66
106 99 179
106 102 738
106 120 255
106 126 359
106 129 201
107 74 790
107 82 420
107 98 134
107 131 948
107 140 961
107 166 916
108 93 448
108 97 286
108 105 305
108 110 956
108 116 481
108 118 731
109 80 850
109 98 17
109 100 712
109 121 547
109 130 239
109 136 108
110 93 608
110 95 54
110 108 956
110 111 36
110 118 1
110 125 927
111 95 225
111 101 879
111 110 36
111 117 115
111 125 858
111 127 114
112 65 34
112 86 201
112 90 749
112 134 355
112 210 594
112 269 361
113 96 401
113 100 267
113 101 820
113 117 419
113 121 586
113 135 358
114 102 592
114 105 874
114 116 564
114 120 730
114 128 16
115 75 194
115 84 738
115 122 644
115 147 103
115 222 918
116 105 878
116 108 481
116 114 564
116 118 748
116 128 420
116 133 968
117 101 615
117 111 115
117 113 419
117 127 270
117 135 304
117 137 396
118 108 731
118 110 1
118 116 748
118 125 749
118 133 474
118 138 104
119 44 591
119 68 809
119 167 659
119 15199 386
120 102 134
120 106 255
120 114 730
120 128 931
120 129 460
120 139 407
121 100 358
121 109 547
121 113 586
121 135 825
121 136 974
121 145 133
122 69 336
122 75 770
122 115 644
122 132 921
122 222 604
122 5175 898
123 92 130
123 99 558
123 124 951
123 126 204
123 174 481
123 202 232
124 79 639
124 92 210
124 103 198
124 123 951
124 172 901
124 202 534
124 1437 521
125 110 927
125 111 858
125 118 749
125 127 951
125 138 259
125 141 677
125 142 4
126 99 577
126 106 359
126 123 204
126 129 880
126 153 781
126 174 935
127 111 114
127 117 270
127 125 951
127 137 550
127 141 833
127 144 575
128 114 16
128 116 420
128 120 931
128 133 772
128 139 543
128 143 250
129 106 201
129 120 460
129 126 880
129 139 984
129 151 880
129 153 311
130 98 899
130 109 239
130 136 971
130 140 651
130 160 41
130 198 724
131 82 776
131 104 32
131 107 948
131 166 972
131 199 319
131 409 230
132 61 916
132 69 869
132 122 921
132 149 231
132 5175 747
132 15052 300
133 116 968
133 118 474
133 128 772
133 138 125
133 143 622
133 146 777
134 86 257
134 103 763
134 112 355
134 172 697
134 251 959
134 269 245
135 113 358
135 117 304
135 121 825
135 137 772
135 145 599
135 148 65
135 157 561
136 109 108
136 121 974
136 130 971
136 145 752
136 160 504
136 164 941
137 117 396
137 127 550
137 135 772
137 144 552
137 148 206
137 150 802
138 118 104
138 125 259
138 133 125
138 142 275
138 146 81
138 154 419
139 120 407
139 128 543
139 129 984
139 143 321
139 151 650
139 158 414
140 98 156
140 107 961
140 130 651
140 166 784
140 198 26
140 238 13
141 125 677
141 127 833
141 142 789
141 144 551
141 155 118
141 156 9
142 125 4
142 138 275
142 141 789
142 154 325
142 155 258
142 159 196
143 128 250
143 133 622
143 139 321
143 146 667
143 158 512
143 163 691
144 127 575
144 137 552
144 141 551
144 150 554
144 152 594
144 156 411
145 121 133
145 135 599
145 136 752
145 157 566
145 164 743
145 173 961
146 133 777
146 138 81
146 143 667
146 154 308
146 163 404
146 168 353
147 84 261
147 104 590
147 115 103
147 199 142
147 222 201
147 5407 911
148 135 65
148 137 206
148 150 800
148 157 788
148 162 128
148 170 172
149 60 145
149 61 626
149 132 231
149 175 642
149 15052 415
149 15122 626
150 137 802
150 144 554
150 148 800
150 152 518
150 161 349
150 162 843
151 129 880
151 139 650
151 153 316
151 158 374
151 181 446
151 189 975
152 144 594
152 150 518
152 156 221
152 161 240
152 165 912
153 126 781
153 129 311
153 151 316
153 174 55
153 189 930
153 225 306
154 138 419
154 142 325
154 146 308
154 159 167
154 168 254
154 179 190
155 141 118
155 142 258
155 156 899
155 159 357
155 169 861
155 171 305
156 141 9
156 144 411
156 152 221
156 155 899
156 165 721
156 169 593
157 135 561
157 145 566
157 148 788
157 170 117
157 173 868
157 184 581
158 139 414
158 143 512
158 151 374
158 163 699
158 181 353
158 185 940
159 142 196
159 154 167
159 155 357
159 171 617
159 179 902
159 180 812
160 130 41
160 136 504
160 164 892
160 198 672
160 200 672
160 252 729
161 150 349
161 152 240
161 162 241
161 165 662
161 176 46
161 177 121
162 148 128
162 150 843
162 161 241
162 170 628
162 177 159
162 183 454
163 143 691
163 146 404
163 158 699
163 168 564
163 185 351
163 186 712
164 136 941
164 145 743
164 160 892
164 173 595
164 200 728
164 203 534
165 152 912
165 156 721
165 161 662
165 169 828
165 176 532
165 178 796
166 107 916
166 131 972
166 140 784
166 238 443
166 409 7
166 5090 517
167 68 378
167 90 505
167 119 659
167 210 602
167 15164 925
167 15199 516
168 146 353
168 154 254
168 163 564
168 179 104
168 186 98
168 192 662
169 155 861
169 156 593
169 165 828
169 171 325
169 178 937
169 182 109
170 148 172
170 157 117
170 162 628
170 183 282
170 184 711
170 194 16
171 155 305
171 159 617
171 169 325
171 180 217
171 182 974
171 187 906
172 103 634
172 124 901
172 134 697
172 251 782
172 1437 792
172 6141 721
173 145 961
173 157 868
173 164 595
173 184 170
173 203 828
173 207 866
174 123 481
174 126 935
174 153 55
174 202 537
174 225 126
174 274 729
175 60 969
175 149 642
175 15122 385
176 161 46
176 165 532
176 177 47
176 178 168
176 188 950
176 190 477
177 161 121
177 162 159
177 176 47
177 183 468
177 190 577
177 193 667
178 165 796
178 169 937
178 176 168
178 182 521
178 188 992
178 191 385
179 154 190
179 159 902
179 168 104
179 180 745
179 192 211
179 195 212
179 209 259
180 159 812
180 171 217
180 179 745
180 187 935
180 195 519
180 197 719
181 151 446
181 158 353
181 185 819
181 189 826
181 224 690
181 243 768
182 169 109
182 171 974
182 178 521
182 187 15
182 191 919
182 196 826
183 162 454
183 170 282
183 177 468
183 193 29
183 194 35
183 208 30
184 157 581
184 170 711
184 173 170
184 194 728
184 207 755
184 215 241
185 158 940
185 163 351
185 181 819
185 186 936
185 214 397
185 224 541
186 163 712
186 168 98
186 185 936
186 192 866
186 214 84
186 218 49
187 171 906
187 180 935
187 182 15
187 196 65
187 197 12
187 206 253
188 176 950
188 178 992
188 190 246
188 191 877
188 201 676
188 204 238
189 151 975
189 153 930
189 181 826
189 225 711
189 243 193
189 360 416
190 176 477
190 177 577
190 188 246
190 193 38
190 201 711
190 205 748
191 178 385
191 182 919
191 188 877
191 196 300
191 204 716
191 212 448
192 168 662
192 179 211
192 186 866
192 209 130
192 218 694
192 232 580
193 177 667
193 183 29
193 190 38
193 205 165
193 208 502
193 213 980
194 170 16
194 183 35
194 184 728
194 208 526
194 215 959
194 228 290
195 179 212
195 180 519
195 197 671
195 209 34
195 220 90
195 230 801
196 182 826
196 187 65
196 191 300
196 206 218
196 212 39
196 217 847
197 180 719
197 187 12
197 195 671
197 206 937
197 219 339
197 220 544
198 130 724
198 140 26
198 160 672
198 238 248
198 252 322
198 4559 497
198 4671 720
199 104 589
199 131 319
199 147 142
199 409 789
199 5407 988
199 7665 360
200 160 672
200 164 728
200 203 36
200 252 685
200 294 236
200 459 913
201 188 676
201 190 711
201 204 990
201 205 668
201 211 785
201 216 735
202 123 232
202 124 534
202 174 537
202 274 46
202 1437 520
202 4200 616
203 164 534
203 173 828
203 200 36
203 207 977
203 292 662
203 294 826
204 188 238
204 191 716
204 201 990
204 211 904
204 212 820
204 221 632
205 190 748
205 193 165
205 201 668
205 213 640
205 216 699
205 223 799
206 187 253
206 196 218
206 197 937
206 217 680
206 219 5
206 229 504
207 173 866
207 184 755
207 203 977
207 215 766
207 267 392
207 292 108
208 183 30
208 193 502
208 194 526
208 213 925
208 228 455
208 234 366
208 245 122
209 179 259
209 192 130
209 195 34
209 230 704
209 232 107
209 248 451
210 90 382
210 112 594
210 167 602
210 269 142
210 15097 33
210 15164 833
211 201 785
211 204 904
211 216 218
211 221 655
211 226 978
212 191 448
212 196 39
212 204 820
212 217 901
212 221 748
212 233 290
212 242 466
213 193 980
213 205 640
213 208 925
213 223 623
213 231 880
213 234 318
214 185 397
214 186 84
214 218 30
214 224 517
214 244 763
214 263 49
215 184 241
215 194 959
215 207 766
215 228 40
215 262 709
215 267 904
216 201 735
216 205 699
216 211 218
216 223 753
216 226 658
216 227 762
217 196 847
217 206 680
217 212 901
217 229 467
217 233 558
217 237 622
218 186 49
218 192 694
218 214 30
218 232 931
218 244 997
218 261 956
219 197 339
219 206 5
219 220 495
219 229 313
219 236 222
219 239 556
220 195 90
220 197 544
220 219 495
220 230 294
220 239 233
220 246 428
221 204 632
221 211 655
221 212 748
221 226 199
221 241 792
221 242 445
222 115 918
222 122 604
222 147 201
222 5175 571
222 5407 153
222 15070 857
223 205 799
223 213 623
223 216 753
223 227 304
223 231 915
223 235 440
224 181 690
224 185 541
224 214 517
224 243 800
224 263 836
224 311 767
225 153 306
225 174 126
225 189 711
225 274 922
225 360 753
225 2534 44
226 211 978
226 216 658
226 221 199
226 227 151
226 240 720
226 241 87
227 216 762
227 223 304
227 226 151
227 235 624
227 240 411
228 194 290
228 208 455
228 215 40
228 245 670
228 262 944
228 276 606
229 206 504
229 217 467
229 219 313
229 236 312
229 237 993
229 247 432
230 195 801
230 209 704
230 220 294
230 246 972
230 248 817
230 266 700
231 213 880
231 223 915
231 234 892
231 235 640
231 249 371
231 254 837
232 192 580
232 209 107
232 218 931
232 248 329
232 261 858
232 283 834
233 212 290
233 217 558
233 237 178
233 242 177
233 253 684
233 255 411
234 208 366
234 213 318
234 231 892
234 245 435
234 254 490
234 264 92
235 223 440
235 227 624
235 231 640
235 240 712
235 249 27
235 250 905
236 219 222
236 229 312
236 239 892
236 247 523
236 258 791
237 217 622
237 229 993
237 233 178
237 247 365
237 255 885
237 260 891
238 140 13
238 166 443
238 198 248
238 4559 814
238 5090 128
238 6407 442
239 219 556
239 220 233
239 236 892
239 246 180
239 258 538
239 265 785
240 226 720
240 227 411
240 235 712
240 241 871
240 250 582
240 256 562
241 221 792
241 226 87
241 240 871
241 242 166
241 256 733
241 257 803
242 212 466
242 221 445
242 233 177
242 241 166
242 253 333
242 257 760
242 259 855
243 181 768
243 189 193
243 224 800
243 311 463
243 360 848
243 4556 378
244 214 763
244 218 997
244 261 151
244 263 11
244 301 820
245 208 122
245 228 670
245 234 435
245 264 378
245 276 837
245 295 942
246 220 428
246 230 972
246 239 180
246 265 113
246 266 721
246 286 300
247 229 432
247 236 523
247 237 365
247 258 760
247 260 391
247 278 957
248 209 451
248 230 817
248 232 329
248 266 15
248 283 153
248 300 49
249 231 371
249 235 27
249 250 45
249 254 102
249 271 919
249 279 151
250 235 905
250 240 582
250 249 45
250 256 296
250 268 822
250 271 732
251 134 959
251 172 782
251 269 502
251 6141 962
251 12329 246
252 160 729
252 198 322
252 200 685
252 459 58
252 4671 929
252 4994 511
253 233 684
253 242 333
253 255 806
253 259 670
253 270 174
253 273 138
254 231 837
254 234 490
254 249 102
254 264 422
254 279 97
254 289 504
255 233 411
255 237 885
255 253 806
255 260 676
255 270 301
255 272 519
256 240 562
256 241 733
256 250 296
256 257 490
256 268 55
256 275 263
257 241 803
257 242 760
257 256 490
257 259 264
257 275 890
257 277 644
258 236 791
258 239 538
258 247 760
258 265 251
258 278 416
258 281 736
259 242 855
259 253 670
259 257 264
259 273 365
259 277 964
259 288 495
260 237 891
260 247 391
260 255 676
260 272 93
260 278 759
260 282 653
261 218 956
261 232 858
261 244 151
261 283 421
261 301 317
261 445 715
262 215 709
262 228 944
262 267 742
262 276 61
262 306 451
262 371 369
263 214 49
263 224 836
263 244 11
263 301 788
263 311 848
263 893 197
264 234 92
264 245 378
264 254 422
264 289 502
264 295 129
264 315 235
265 239 785
265 246 113
265 258 251
265 281 876
265 286 572
265 312 449
266 230 700
266 246 721
266 248 15
266 286 330
266 300 254
266 337 872
267 207 392
267 215 904
267 262 742
267 292 472
267 371 294
267 1145 720
268 250 822
268 256 55
268 271 631
268 275 821
268 285 80
268 290 765
269 112 361
269 134 245
269 210 142
269 251 502
269 12329 81
269 15097 411
270 253 174
270 255 301
270 272 114
270 273 383
270 280 343
270 284 139
271 249 919
271 250 732
271 268 631
271 279 394
271 285 45
271 296 829
272 255 519
272 260 93
272 270 114
272 280 1
272 282 576
272 287 981
273 253 138
273 259 365
273 270 383
273 284 597
273 288 371
273 297 948
274 174 729
274 202 46
274 225 922
274 2534 734
274 4200 88
274 5292 544
275 256 263
275 257 890
275 268 821
275 277 853
275 290 825
275 291 262
276 228 606
276 245 837
276 262 61
276 295 401
276 306 779
276 347 381
277 257 644
277 259 964
277 275 853
277 288 858
277 291 499
277 303 424
278 247 957
278 258 416
278 260 759
278 281 15
278 282 510
278 310 663
278 313 846
279 249 151
279 254 97
279 271 394
279 289 219
279 296 611
279 323 850
280 270 343
280 272 1
280 284 744
280 287 291
280 293 56
281 258 736
281 265 876
281 278 15
281 312 556
281 313 535
281 345 386
282 260 653
282 272 576
282 278 510
282 287 227
282 305 152
282 309 322
282 310 276
283 232 834
283 248 153
283 261 421
283 300 784
283 445 252
283 1167 460
284 270 139
284 273 597
284 280 744
284 293 715
284 297 880
284 298 438
285 268 80
285 271 45
285 290 699
285 296 138
285 316 101
286 246 300
286 265 572
286 266 330
286 312 285
286 337 286
286 395 879
287 272 981
287 280 291
287 282 227
287 293 141
287 299 68
287 304 961
287 305 343
287 307 916
288 259 495
288 273 371
288 277 858
288 297 708
288 303 563
288 322 567
288 328 729
289 254 504
289 264 502
289 279 219
289 315 891
289 323 364
289 543 970
290 268 765
290 275 825
290 285 699
290 291 624
290 316 314
290 327 279
291 275 262
291 277 499
291 290 624
291 303 762
291 326 11
291 327 841
292 203 662
292 207 108
292 267 472
292 294 508
292 1145 979
292 2564 395
292 3696 1
293 280 56
293 284 715
293 287 141
293 298 787
293 299 657
293 302 552
294 200 236
294 203 826
294 292 508
294 459 740
294 2564 432
294 3877 545
295 245 942
295 264 129
295 276 401
295 315 777
295 347 253
295 526 585
296 271 829
296 279 611
296 285 138
296 316 109
296 323 455
296 369 515
297 273 948
297 284 880
297 288 708
297 298 20
297 318 29
297 322 371
297 336 672
298 284 438
298 293 787
298 297 20
298 302 664
298 314 948
298 318 25
299 287 68
299 293 657
299 302 9
299 304 544
299 308 855
300 248 49
300 266 254
300 283 784
300 337 289
300 881 553
300 1167 982
301 244 820
301 261 317
301 263 788
301 445 20
301 893 164
301 1986 360
302 293 552
302 298 664
302 299 9
302 308 380
302 314 462
302 317 357
303 277 424
303 288 563
303 291 762
303 326 900
303 328 488
303 343 354
304 287 961
304 299 544
304 307 789
304 308 881
304 319 245
305 282 152
305 287 343
305 307 237
305 309 467
305 320 275
305 330 284
306 262 451
306 276 779
306 347 910
306 371 835
306 611 568
307 287 916
307 304 789
307 305 237
307 319 685
307 320 940
308 299 855
308 302 380
308 304 881
308 317 267
308 319 652
308 321 550
309 282 322
309 305 467
309 310 468
309 330 590
309 341 111
310 278 663
310 282 276
310 309 468
310 313 328
310 341 582
310 352 774
311 224 767
311 243 463
311 263 848
311 893 875
311 4556 296
311 4779 937
312 265 449
312 281 556
312 286 285
312 345 973
312 395 436
312 620 232
313 278 846
313 281 535
313 310 328
313 345 29
313 352 71
313 434 799
314 298 948
314 302 462
314 317 588
314 318 90
314 324 298
315 264 235
315 289 891
315 295 777
315 526 112
315 543 647
315 812 91
316 285 101
316 290 314
316 296 109
316 327 613
316 369 113
316 427 464
317 302 357
317 308 267
317 314 588
317 321 782
317 324 231
317 325 952
318 297 29
318 298 25
318 314 90
318 324 322
318 332 214
318 336 951
318 340 129
319 304 245
319 307 685
319 308 652
319 320 601
319 321 993
319 329 755
319 331 960
320 305 275
320 307 940
320 319 601
320 330 195
320 331 633
320 335 331
321 308 550
321 317 782
321 319 993
321 325 780
321 329 560
321 333 778
322 288 567
322 297 371
322 328 154
322 336 633
322 354 82
322 355 273
322 374 384
323 279 850
323 289 364
323 296 455
323 369 623
323 543 957
323 796 522
324 314 298
324 317 231
324 318 322
324 325 819
324 332 901
324 334 592
325 317 952
325 321 780
325 324 819
325 333 197
325 334 705
325 338 121
326 291 11
326 303 900
326 327 176
326 343 600
326 396 130
326 519 145
327 290 279
327 291 841
327 316 613
327 326 176
327 427 417
327 519 871
328 288 729
328 303 488
328 322 154
328 343 619
328 354 600
328 366 81
329 319 755
329 321 560
329 331 289
329 333 801
329 339 453
329 342 129
330 305 284
330 309 590
330 320 195
330 335 386
330 341 663
330 357 150
330 367 841
331 319 960
331 320 633
331 329 289
331 335 584
331 339 660
331 349 516
332 318 214
332 324 901
332 334 879
332 340 383
332 348 960
332 350 562
333 321 778
333 325 197
333 329 801
333 338 441
333 342 49
333 346 55
334 324 592
334 325 705
334 332 879
334 338 382
334 344 771
334 348 29
335 320 331
335 330 386
335 331 584
335 349 870
335 357 252
335 362 545
336 297 672
336 318 951
336 322 633
336 340 596
336 355 173
336 365 470
336 373 711
337 266 872
337 286 286
337 300 289
337 395 220
337 881 924
337 1027 126
338 325 121
338 333 441
338 334 382
338 344 244
338 346 851
338 351 432
339 329 453
339 331 660
339 342 671
339 349 847
339 356 870
340 318 129
340 332 383
340 336 596
340 350 395
340 363 611
340 365 393
341 309 111
341 310 582
341 330 663
341 352 65
341 367 520
341 457 525
341 465 362
342 329 129
342 333 49
342 339 671
342 346 662
342 356 621
342 361 563
343 303 354
343 326 600
343 328 619
343 366 726
343 396 950
343 417 435
344 334 771
344 338 244
344 348 261
344 351 91
344 353 323
345 281 386
345 312 973
345 313 29
345 434 123
345 620 94
345 955 929
346 333 55
346 338 851
346 342 662
346 351 469
346 358 367
346 361 382
347 276 381
347 295 253
347 306 910
347 526 24
347 611 640
347 1263 723
348 332 960
348 334 29
348 344 261
348 350 365
348 353 518
348 359 794
349 331 516
349 335 870
349 339 847
349 356 772
349 362 179
349 370 957
350 332 562
350 340 395
350 348 365
350 359 342
350 363 837
350 368 356
351 338 432
351 344 91
351 346 469
351 353 121
351 358 490
351 364 729
352 310 774
352 313 71
352 341 65
352 434 903
352 457 617
352 655 313
353 344 323
353 348 518
353 351 121
353 359 852
353 364 348
353 372 947
354 322 82
354 328 600
354 366 524
354 374 673
354 408 812
355 322 273
355 336 173
355 373 737
355 374 867
355 389 634
355 404 608
355 410 606
356 339 870
356 342 621
356 349 772
356 361 41
356 370 554
356 380 926
356 381 413
357 330 150
357 335 252
357 362 296
357 367 154
357 391 258
357 392 734
358 346 367
358 351 490
358 361 140
358 364 695
358 376 252
358 377 259
359 348 794
359 350 342
359 353 852
359 368 930
359 372 161
359 375 139
360 189 416
360 225 753
360 243 848
360 2534 876
360 4556 293
360 5549 599
361 342 563
361 346 382
361 356 41
361 358 140
361 376 277
361 379 563
361 380 634
362 335 545
362 349 179
362 357 296
362 370 874
362 386 647
362 392 237
363 340 611
363 350 837
363 365 120
363 368 465
363 384 485
363 385 193
364 351 729
364 353 348
364 358 695
364 372 860
364 377 843
364 378 329
365 336 470
365 340 393
365 363 120
365 373 173
365 385 263
365 403 128
365 407 717
365 412 146
366 328 81
366 343 726
366 354 524
366 408 749
366 417 371
366 449 1
367 330 841
367 341 520
367 357 154
367 391 546
367 452 293
367 465 399
368 350 356
368 359 930
368 363 465
368 375 929
368 382 301
368 384 144
369 296 515
369 316 113
369 323 623
369 427 193
369 796 784
369 808 564
370 349 957
370 356 554
370 362 874
370 381 10
370 386 273
370 388 802
371 262 369
371 267 294
371 306 835
371 611 222
371 1145 514
371 2061 487
372 353 947
372 359 161
372 364 860
372 375 358
372 378 770
372 383 532
373 336 711
373 355 737
373 365 173
373 403 820
373 410 857
373 413 487
374 322 384
374 354 673
374 355 867
374 389 817
374 408 755
374 418 255
375 359 139
375 368 929
375 372 358
375 382 538
375 383 815
375 387 616
376 358 252
376 361 277
376 377 761
376 379 967
376 390 298
376 399 878
377 358 259
377 364 843
377 376 761
377 378 232
377 393 192
377 399 413
378 364 329
378 372 770
378 377 232
378 383 878
378 393 175
378 397 464
379 361 563
379 376 967
379 380 325
379 390 834
379 394 785
380 356 926
380 361 634
380 379 325
380 381 751
380 394 1000
380 400 528
381 356 413
381 370 10
381 380 751
381 388 430
381 400 145
381 405 610
382 368 301
382 375 538
382 384 980
382 387 365
382 398 452
382 402 813
383 372 532
383 375 815
383 378 878
383 387 584
383 397 135
383 401 408
384 363 485
384 368 144
384 382 980
384 385 311
384 402 601
384 420 260
385 363 193
385 365 263
385 384 311
385 412 322
385 420 754
385 423 892
386 362 647
386 370 273
386 388 97
386 392 226
386 411 254
386 415 930
387 375 616
387 382 365
387 383 584
387 398 662
387 401 554
388 370 802
388 381 430
388 386 97
388 405 964
388 415 859
388 426 492
389 355 634
389 374 817
389 404 921
389 418 688
389 450 769
390 376 298
390 379 834
390 394 527
390 399 642
390 406 473
390 416 220
391 357 258
391 367 546
391 392 446
391 436 93
391 452 205
391 469 952
392 357 734
392 362 237
392 386 226
392 391 446
392 411 963
392 428 475
392 436 371
393 377 192
393 378 175
393 397 414
393 399 177
393 414 827
393 422 318
394 379 785
394 380 1000
394 390 527
394 400 345
394 406 980
394 421 572
395 286 879
395 312 436
395 337 220
395 620 289
395 1027 36
395 1248 130
396 326 130
396 343 950
396 417 849
396 519 724
396 679 979
396 720 618
397 378 464
397 383 135
397 393 414
397 401 930
397 414 839
397 419 509
398 382 452
398 387 662
398 401 927
398 402 200
398 424 969
398 425 807
399 376 878
399 377 413
399 390 642
399 393 177
399 416 256
399 422 277
399 431 830
400 380 528
400 381 145
400 394 345
400 405 489
400 421 820
400 429 897
401 383 408
401 387 554
401 397 930
401 398 927
401 419 865
401 424 138
402 382 813
402 384 601
402 398 200
402 420 492
402 425 417
402 432 319
403 365 128
403 373 820
403 407 684
403 413 749
403 435 399
403 438 121
404 355 608
404 389 921
404 410 962
404 446 652
404 450 19
405 381 610
405 388 964
405 400 489
405 426 978
405 429 662
405 444 947
406 390 473
406 394 980
406 416 64
406 421 479
406 433 229
407 365 717
407 403 684
407 412 236
407 430 507
407 435 309
408 354 812
408 366 749
408 374 755
408 418 969
408 449 324
408 493 680
408 506 120
409 131 230
409 166 7
409 199 789
409 5090 678
409 7665 954
409 13607 393
410 355 606
410 373 857
410 404 962
410 413 979
410 446 296
410 456 854
411 386 254
411 392 963
411 415 205
411 428 272
411 443 476
412 365 146
412 385 322
412 407 236
412 423 963
412 430 820
412 437 33
413 373 487
413 403 749
413 410 979
413 438 532
413 456 469
413 463 36
414 393 827
414 397 839
414 419 271
414 422 469
414 439 611
414 440 235
415 386 930
415 388 859
415 411 205
415 426 46
415 443 779
415 458 266
416 390 220
416 399 256
416 406 64
416 431 328
416 433 280
416 447 76
417 343 435
417 366 371
417 396 849
417 449 688
417 597 364
417 679 38
418 374 255
418 389 688
418 408 969
418 450 767
418 477 535
418 493 84
419 397 509
419 401 865
419 414 271
419 424 556
419 440 676
419 441 185
420 384 260
420 385 754
420 402 492
420 423 94
420 432 157
420 453 665
420 455 400
421 394 572
421 400 820
421 406 479
421 429 887
421 433 925
421 451 634
422 393 318
422 399 277
422 414 469
422 431 48
422 439 331
422 448 195
423 385 892
423 412 963
423 420 94
423 437 911
423 453 768
423 462 666
424 398 969
424 401 138
424 419 556
424 425 315
424 441 683
424 442 806
425 398 807
425 402 417
425 424 315
425 432 586
425 442 653
425 454 242
426 388 492
426 405 978
426 415 46
426 444 761
426 458 592
426 473 807
427 316 464
427 327 417
427 369 193
427 519 961
427 808 404
427 869 913
428 392 475
428 411 272
428 436 431
428 443 201
428 478 86
429 400 897
429 405 662
429 421 887
429 444 586
429 451 485
429 472 468
430 407 507
430 412 820
430 435 687
430 437 989
430 460 201
431 399 830
431 416 328
431 422 48
431 447 101
431 448 200
431 461 496
432 402 319
432 420 157
432 425 586
432 454 103
432 455 184
432 471 429
433 406 229
433 416 280
433 421 925
433 447 803
433 451 918
433 464 137
434 313 799
434 345 123
434 352 903
434 655 726
434 907 579
434 955 490
435 403 399
435 407 309
435 430 687
435 438 596
435 460 790
435 476 723
436 391 93
436 392 371
436 428 431
436 469 606
436 478 692
436 507 320
437 412 33
437 423 911
437 430 989
437 460 515
437 462 722
437 475 775
438 403 121
438 413 532
438 435 596
438 463 284
438 476 863
438 486 707
439 414 611
439 422 331
439 440 331
439 448 627
439 467 802
439 470 420
440 414 235
440 419 676
440 439 331
440 441 259
440 466 376
440 467 645
441 419 185
441 424 683
441 440 259
441 442 737
441 466 463
441 468 132
442 424 806
442 425 653
442 441 737
442 454 25
442 468 721
442 474 309
443 411 476
443 415 779
443 428 201
443 458 412
443 478 948
443 489 509
444 405 947
444 426 761
444 429 586
444 472 315
444 473 398
444 495 1
445 261 715
445 283 252
445 301 20
445 1167 646
445 1986 897
445 3286 1000
446 404 652
446 410 296
446 450 755
446 456 534
446 500 963
446 504 540
447 416 76
447 431 101
447 433 803
447 461 537
447 464 822
447 480 287
448 422 195
448 431 200
448 439 627
448 461 11
448 470 174
448 479 663
449 366 1
449 408 324
449 417 688
449 506 494
449 587 636
449 597 989
450 389 769
450 404 19
450 418 767
450 446 755
450 477 822
450 504 572
450 516 839
451 421 634
451 429 485
451 433 918
451 464 561
451 472 892
451 482 414
452 367 293
452 391 205
452 465 958
452 469 776
452 544 744
452 552 93
453 420 665
453 423 768
453 455 769
453 462 637
453 481 414
453 483 416
454 425 242
454 432 103
454 442 25
454 471 370
454 474 892
454 484 348
455 420 400
455 432 184
455 453 769
455 471 833
455 481 929
455 491 135
456 410 854
456 413 469
456 446 534
456 463 144
456 499 880
456 500 907
457 341 525
457 352 617
457 465 422
457 549 204
457 606 538
457 655 55
457 689 808
458 415 266
458 426 592
458 443 412
458 473 950
458 489 448
458 505 35
459 200 913
459 252 58
459 294 740
459 3877 417
459 4994 939
459 5316 760
460 430 201
460 435 790
460 437 515
460 475 551
460 476 187
460 485 184
461 431 496
461 447 537
461 448 11
461 479 525
461 480 97
461 494 686
462 423 666
462 437 722
462 453 637
462 475 182
462 483 923
462 492 364
463 413 36
463 438 284
463 456 144
463 486 13
463 499 203
463 517 252
464 433 137
464 447 822
464 451 561
464 480 455
464 482 496
464 498 537
465 341 362
465 367 399
465 452 958
465 457 422
465 549 209
465 552 981
466 440 376
466 441 463
466 467 32
466 468 715
466 487 96
466 488 831
467 439 802
467 440 645
467 466 32
467 470 113
467 488 938
467 490 137
468 441 132
468 442 721
468 466 715
468 474 920
468 487 10
468 496 686
469 391 952
469 436 606
469 452 776
469 507 909
469 544 382
469 558 611
470 439 420
470 448 174
470 467 113
470 479 610
470 490 868
470 497 440
471 432 429
471 454 370
471 455 833
471 484 120
471 491 1000
471 503 267
472 429 468
472 444 315
472 451 892
472 482 578
472 495 521
472 524 516
473 426 807
473 444 398
473 458 950
473 495 981
473 505 923
473 525 143
474 442 309
474 454 892
474 468 920
474 484 31
474 496 882
474 502 886
475 437 775
475 460 551
475 462 182
475 485 995
475 492 326
475 501 437
476 435 723
476 438 863
476 460 187
476 485 946
476 486 234
476 510 603
477 418 535
477 450 822
477 493 835
477 516 481
477 556 457
478 428 86
478 436 692
478 443 948
478 489 782
478 507 518
478 535 882
479 448 663
479 461 525
479 470 610
479 494 459
479 497 993
479 508 806
480 447 287
480 461 97
480 464 455
480 494 202
480 498 161
480 509 652
481 453 414
481 455 929
481 483 556
481 491 543
481 514 636
481 521 945
482 451 414
482 464 496
482 472 578
482 498 323
482 524 873
482 531 444
483 453 416
483 462 923
483 481 556
483 492 782
483 514 14
483 518 442
484 454 348
484 471 120
484 474 31
484 502 780
484 503 161
484 522 519
485 460 184
485 475 995
485 476 946
485 501 730
485 510 83
485 527 956
486 438 707
486 463 13
486 476 234
486 510 365
486 517 314
486 532 33
487 466 96
487 468 10
487 488 196
487 496 856
487 511 329
487 515 505
488 466 831
488 467 938
488 487 196
488 490 712
488 511 611
488 512 882
489 443 509
489 458 448
489 478 782
489 505 617
489 535 905
489 541 552
490 467 137
490 470 868
490 488 712
490 497 762
490 512 406
490 520 865
491 455 135
491 471 1000
491 481 543
491 503 123
491 521 944
491 529 114
492 462 364
492 475 326
492 483 782
492 501 995
492 513 119
492 518 637
493 408 680
493 418 84
493 477 835
493 506 640
493 556 189
493 586 744
494 461 686
494 479 459
494 480 202
494 508 71
494 509 503
494 528 344
495 444 1
495 472 521
495 473 981
495 524 318
495 525 220
495 546 213
496 468 686
496 474 882
496 487 856
496 502 98
496 515 933
496 523 783
497 470 440
497 479 993
497 490 762
497 508 860
497 520 591
497 530 74
498 464 537
498 480 161
498 482 323
498 509 912
498 531 820
498 537 11
499 456 880
499 463 203
499 500 46
499 517 16
499 551 543
499 553 979
500 446 963
500 456 907
500 499 46
500 504 9
500 547 563
500 551 271
501 475 437
501 485 730
501 492 995
501 513 984
501 527 710
501 534 100
502 474 886
502 484 780
502 496 98
502 522 952
502 523 214
502 533 551
503 471 267
503 484 161
503 491 123
503 522 666
503 529 618
503 536 503
504 446 540
504 450 572
504 500 9
504 516 917
504 547 954
504 560 300
505 458 35
505 473 923
505 489 617
505 525 443
505 541 585
505 559 870
506 408 120
506 449 494
506 493 640
506 586 504
506 587 330
506 640 516
507 436 320
507 469 909
507 478 518
507 535 265
507 558 258
507 577 383
508 479 806
508 494 71
508 497 860
508 528 353
508 530 527
508 538 155
509 480 652
509 494 503
509 498 912
509 528 260
509 537 28
509 545 756
510 476 603
510 485 83
510 486 365
510 527 953
510 532 130
510 554 387
510 564 423
511 487 329
511 488 611
511 512 787
511 515 550
512 488 882
512 490 406
512 511 787
512 520 880
513 492 119
513 501 984
513 518 199
513 534 604
513 539 891
514 481 636
514 483 14
514 518 586
514 521 687
514 540 828
514 542 444
515 487 505
515 496 933
515 511 550
515 523 199
516 450 839
516 477 481
516 504 917
516 556 32
516 560 588
516 589 818
517 463 252
517 486 314
517 499 16
517 532 477
517 553 564
517 563 462
518 483 442
518 492 637
518 513 199
518 514 586
518 539 384
518 540 215
519 326 145
519 327 871
519 396 724
519 427 961
519 720 833
519 869 512
519 919 723
520 490 865
520 497 591
520 512 880
520 530 792
521 481 945
521 491 944
521 514 687
521 529 872
521 542 734
521 550 143
522 484 519
522 502 952
522 503 666
522 533 554
522 536 381
522 548 31
523 496 783
523 502 214
523 515 199
523 533 705
524 472 516
524 482 873
524 495 318
524 531 682
524 546 916
524 562 111
524 573 888
525 473 143
525 495 220
525 505 443
525 546 434
525 559 559
525 575 787
526 295 585
526 315 112
526 347 24
526 812 41
526 1263 937
526 15298 660
527 485 956
527 501 710
527 510 953
527 534 563
527 554 755
527 15285 939
528 494 344
528 508 353
528 509 260
528 538 713
528 545 527
528 555 527
529 491 114
529 503 618
529 521 872
529 536 596
529 550 178
529 557 622
530 497 74
530 508 527
530 520 792
530 538 342
531 482 444
531 498 820
531 524 682
531 537 21
531 562 159
531 565 55
532 486 33
532 510 130
532 517 477
532 563 452
532 564 198
532 569 728
533 502 551
533 522 554
533 523 705
533 548 463
534 501 100
534 513 604
534 527 563
534 539 333
534 561 938
534 15285 805
535 478 882
535 489 905
535 507 265
535 541 908
535 577 58
535 590 406
536 503 503
536 522 381
536 529 596
536 548 944
536 557 540
536 566 259
537 498 11
537 509 28
537 531 21
537 545 282
537 565 344
537 568 698
538 508 155
538 528 713
538 530 342
538 555 966
539 513 891
539 518 384
539 534 333
539 540 458
539 561 118
539 567 606
540 514 828
540 518 215
540 539 458
540 542 413
540 567 185
540 570 625
541 489 552
541 505 585
541 535 908
541 559 217
541 580 300
541 590 460
542 514 444
542 521 734
542 540 413
542 550 741
542 570 847
542 571 852
543 289 970
543 315 647
543 323 957
543 796 923
543 812 50
543 1494 894
543 1655 616
544 452 744
544 469 382
544 552 362
544 558 797
544 632 232
544 634 650
545 509 756
545 528 527
545 537 282
545 555 445
545 568 124
545 572 697
546 495 213
546 524 916
546 525 434
546 573 432
546 575 251
546 598 239
547 500 563
547 504 954
547 551 360
547 560 802
547 582 936
547 596 266
548 522 31
548 533 463
548 536 944
548 566 388
549 457 204
549 465 209
549 552 121
549 606 438
549 641 949
550 521 143
550 529 178
550 542 741
550 557 425
550 571 776
550 574 895
551 499 543
551 500 271
551 547 360
551 553 904
551 576 990
551 582 287
552 452 93
552 465 981
552 544 362
552 549 121
552 634 144
552 641 846
553 499 979
553 517 564
553 551 904
553 563 258
553 576 579
553 584 333
553 599 262
554 510 387
554 527 755
554 564 221
554 579 203
554 583 32
554 15285 105
555 528 527
555 538 966
555 545 445
555 572 687
556 477 457
556 493 189
556 516 32
556 586 368
556 589 631
556 649 644
557 529 622
557 536 540
557 550 425
557 566 649
557 574 318
557 578 845
558 469 611
558 507 258
558 544 797
558 577 274
558 632 750
558 644 126
559 505 870
559 525 559
559 541 217
559 575 681
559 580 864
559 603 417
560 504 300
560 516 588
560 547 802
560 589 958
560 596 349
560 622 980
561 534 938
561 539 118
561 567 815
561 581 190
561 585 706
561 15285 308
562 524 111
562 531 159
562 565 716
562 573 906
562 593 615
562 604 528
563 517 462
563 532 452
563 553 258
563 569 309
563 584 450
563 601 898
564 510 423
564 532 198
564 554 221
564 569 27
564 583 496
564 591 30
565 531 55
565 537 344
565 562 716
565 568 986
565 592 399
565 593 867
566 536 259
566 548 388
566 557 649
566 578 663
567 539 606
567 540 185
567 561 815
567 570 519
567 585 580
567 588 854
568 537 698
568 545 124
568 565 986
568 572 724
568 592 204
568 595 384
569 532 728
569 563 309
569 564 27
569 591 560
569 601 222
570 540 625
570 542 847
570 567 519
570 571 175
570 588 676
570 594 35
571 542 852
571 550 776
571 570 175
571 574 703
571 594 280
571 600 437
572 545 697
572 555 687
572 568 724
572 595 916
573 524 888
573 546 432
573 562 906
573 598 751
573 604 851
573 621 14
574 550 895
574 557 318
574 571 703
574 578 493
574 600 84
574 602 949
575 525 787
575 546 251
575 559 681
575 598 209
575 603 982
575 614 848
576 551 990
576 553 579
576 582 307
576 599 707
576 605 179
577 507 383
577 535 58
577 558 274
577 590 911
577 643 115
577 644 268
578 557 845
578 566 663
578 574 493
578 602 471
579 554 203
579 581 618
579 583 657
579 607 947
579 609 305
579 15285 359
580 541 300
580 559 864
580 590 664
580 603 899
580 628 638
581 561 190
581 579 618
581 585 735
581 607 509
581 610 657
581 15285 13
582 547 936
582 551 287
582 576 307
582 596 725
582 605 114
582 617 281
583 554 32
583 564 496
583 579 657
583 591 74
583 609 105
583 613 614
584 553 333
584 563 450
584 599 270
584 601 963
